name = "SCENARIO_BATTLE_OF_MIDWAY_NAME"
desc = "SCENARIO_BATTLE_OF_MIDWAY_DESC"
icon = "GFX_select_downfall"
startdate = 1942.6.3
enddate = 1942.9.6

camera_height = 240
camera_center = { x = 106 y = 1258 }

victory_conditions = "scenarios/Battle_of_Midway/faction_aims.txt"
victory_conditions_to_win = 1
number_of_victory_conditions = 1



reinforcement = 30

# will load any history files with scenarios/Battle_of_Midway/<tag>.txt
selectable_country = USA
selectable_country = JAP
events = "scenarios/Battle_of_Midway/events.txt"



# visible provinces & regions
provinces = {
5315
5782
5795
5811
5812
10663
11628
10642
5966
10640
6119
10669
10668
10664
10684
10643
13829
5825
5812
5933
5934
14165
# water
10995
13605
14113
13607
11657
13608
13609
13606
13605
10997
13559
13600
13552
13551
13548
13553
13551
13546
13601
13554
13549
13550
13823
13824
13816
13829
13568
13567
13550
13560
13564
13563
10993
13562
13610
13828
13830
13826
13825
10992
13569
13568
13835
13817
13831
13550
13832
13554
13548
11008
13821
13854
11653
14081
11655
11652
11662
11154
11661
11153
11160
11659
11670
11668
11667
11598
11677
11152
11680
11681
13602
11658
11657
11656
11654
10994
13608
13603
10996
14113
13601
13554
11167
11172
11651
11648
11663
11662
11661
11669
11670
11667
11666
14080
11664
11665
11649
11651
11633
11166
11647
11645
11155
11621
11623
11622
11624
11627
11628
11646
11633
11631
11629
11712
11711
11713
11175
11723
11722
11721
11611
11610
11609
11747
11745
11744
11624
11622
11626
11613
11164
11615
11614
11613
11620
11621
13557
13556
13550
13816
13824
13556
13554
13551
10998
13551
11612
11626
11620
11155
11621
11619
11164
11613
11612
11718
11713
11716
11717
11174
11774
11776
11775
11775
11776
11185
11777
11709
11715
11714
11709
11173
11630
11629
11633
11651
11166
11646
11167
11168
11695
11696
11697
11683
11682
13615
11686
11684
11685
11682
13615
13614
13613
11654
13614
13616
13595
13594
13619
13620
10984
13597
10983
13596
13593
13594
13563
13564
13566
13571
13567
13572
13573
13574
13583
14100
13579
13771
13580
13770
14091
13755
13753
13750
13749
13585
13587
13588
13590
13589
10985
10993
13592
10983
13564
13566
13571
13572
13573
13576
13577
13814
13575
13813
13809
13575
14065
13840
11619
11164
11613
11622
11626
13612
13611
14113
13605
13560
13568
13555
13561
13558
13827
13808
13838
13835
13547
13818
13822
13819
13535
13539
13540
11618
11617
10662
11151
11719
11720
11625
11165
11175
11671
11660
10989
10991
13570
13586
10989
13580
13582
13565
13583
13584
}