name = "SCENARIO_DNY_NAME"
desc = "SCENARIO_DNY_DESC"
icon = "GFX_select_downfall"
startdate = 1942.3.1
enddate = 1945.4.1

camera_height = 500
camera_center = { x = 4210 y = 1100 }
camera_min_x = 3090
camera_min_y = 32
camera_max_x = 6000
camera_max_y = 1403

# enable_strategic_resources = no

victory_conditions = "scenarios/DNY/faction_aims.txt"
victory_conditions_to_win = 1
number_of_victory_conditions = 6



reinforcement = 30

# will load any history files with scenarios/DNY/<tag>.txt
selectable_country = CHI
selectable_country = ENG
selectable_country = JAP
country = CYN
country = SIA
events = "scenarios/DNY/Events.txt"



# visible provinces & regions
provinces = {
9475
9413
9526
9547
9584
9442
9563
9602
9621
7628
9657
9474
9525
9546
9583
9640
7584
7571
9562
7594
7609
7602
7618
7627
7635
7619
7666
7650
7642
7657
7674
7601
7617
5896
5914
5928
5927
5940
5950
5941
5959
5951
5960
5942
5952
7626
7634
5970
5980
5990
5961
5981
5972
5991
7641
7649
7665
7656
7673
6000
6009
6016
6017
6029
6053
6042
6018
6030
6031
6029
6057
6045
6032
7680
6082
6094
6083
6069
6054
6070
6055
6043
6044
6056
6071
6084
6095
6096
6106
6114
6122
6135
6146
6128
6160
9441
9473
9524
7534
7549
7559
7582
7569
5876
5845
5829
5844
5858
5894
5912
5875
5893
5859
5877
5895
5878
5913
7593
5860
7570
7583
7560
9545
9672
9685
7667
7677
6072
7697
7692
7702
7706
6137
6147
6136
6148
7681
7683
7687
6159
6175
7550
7610
6068
6019
5971
7643
9604
5839
9468
9435
9375
5828
9437
5853
9407
9436
6189
6015
5978
9497
9543
9561
9620
9496
9469
9522
5907
9470
7555
9523
9544
6270
9498
7565
7589
7578
7546
7566
7556
7538
7531
7525
7608
7590
7600
7579
7567
7591
7580
7532
7547
7539
7557
5873
5874
5892
7481
7580
7568
7526
7533
7527
7548
7558
7540
7549
7559
7569
7582
9406
5843
7581
7592
5857
# water
12043
12035
12034
12044
12042
12036
12033
12028
12045
12021
11294
12037
11292
12031
12029
}